svid: 17
toe: 446400.000000
Week Number: 261
valid: 3
health: 0
sqrta: 5153.707285
e: 0.013421
M0: 1.903038
w0: -1.327185
i0: 0.969288
Omega0: 1.910283
deltaN: 4.295536e-09
di/dt: 1.703642e-10
OmegaDot: -8.084265e-09
Cuc: 3.809109e-06
Cus: 1.788139e-06
Crc: 344.843750
Crs: 75.500000
Cic: 2.179295e-07
Cis: -7.264316e-08
