svid: 23
toe: 302400.000000
Week Number: 215
valid: 3
health: 0
sqrta: 5153.660744
e: 0.003164
M0: -2.212415
w0: -3.095692
i0: 0.974126
Omega0: -2.888882
deltaN: 3.896948e-09
di/dt: 6.071681e-11
OmegaDot: -7.778181e-09
Cuc: -5.405396e-06
Cus: 6.457791e-06
Crc: 263.062500
Crs: -105.937500
Cic: -2.421439e-08
Cis: 5.587935e-08
