svid: 2
toe: 446400.000000
Week Number: 261
valid: 3
health: 0
sqrta: 5153.708647
e: 0.016043
M0: 2.143310
w0: -1.206129
i0: 0.967632
Omega0: 2.813109
deltaN: 4.425184e-09
di/dt: -2.967981e-10
OmegaDot: -8.047478e-09
Cuc: -5.226582e-06
Cus: 2.348796e-06
Crc: 336.531250
Crs: -99.750000
Cic: 2.272427e-07
Cis: 1.490116e-08
